204 Index

litterare: diuinum deo testimonium 166161 41 20, 6616 55, 20, metus 83,8;
116661666126,7. ‘ poena 55 9
locuples 91, 4. 61616 46.
loeuplitat 66 61, 8. maledicere aliquem 27, 8
166664,,9·,217,49,17,65,10,,7616,6161611666,6166160,.6
77, 12. 948, 97, 8, 100, 18 (1) maledictio 99,1.
102,12, 1043, 1661610213. maledictus 2.4,2
16686,166661161676,13. 6161611666 33,11.

· longum 666 6,;239 383. 6161611666 246, 39,9.

loquella 102, 11; 1055 malitia 63, 14, 1,02 17.
loqui saepissime, 116161 11, 16. 26, 31, 61611616666146,16.
1214, 344, 3816, 40,4,42,2, 1661166166 (66 maleuolus corr.) 339,
47, 27·- -..eoec 3,8, 30,15, 71, es. Ζ16,6616,1716116181666111,1161.
17, ·106,;2 tot 616 66 loquens 71 10, 108, ,1. 883.
6611110,,56-168,21,3215 61611641,17,42,11,46,,9492
17, 33,1, 37, 27, 429· 84‚12’:- 1661166116 363, 6161161666641,13,
6661116661 70,9;-6666116661616 sed maluit 45, 8 61 51, 26.
loquendorum 35 5 661661 16·1661661Ρ6611ρ6661666611616616 6, 20,
quens 66 duo praedicans 101, 2. malorumnostrorum conuersationes
161166 es. 161.413·16616116661616,14,111616
16666166661111(), seripsa'forumsaee. ,1161166666 22, 19, malumuotnm
65, 17. 41, 14· bona 6661 malis perdere
lubricus 57,13; 95, 25, 11616. ,47, 3· noe malum 16116616 63, 18,
lucrifacere 127, 14.· mundiale malurn 83, 14, 16616111
lucta 661 pugna ¹126, 9. 66666161688,101611616661666161661
ludibria scaenae 45,14. 891, ·16666 malorum 95, 4, ·16 peo
lumbus 80, 5. 6661 inula eogere 97, 13, mala peo-
lumsn protetioi sermonis 38,10.66611161,166666ο166197, 13 100,12.
1616166116 63, 25. mamilla 19, 7.

¹ 1611614,15,16,14,22,20,243,616661,6161661661666(1)721416661

39, 10, 63, 25, 157, 4. duodecim milia signatorumpatriar-

’ lunaria 661666 73, 4. eharum 66616116 mancipati 31, ll.

luriea= 1661669217. mandaum 58,18, 65, 26, 67, 20, 78,
lusus 1166166661( (hom0)24, 13( (666611) 16, 80, 9, 85,14, 92, 15, 99, 11.
36, 6. 7, (1116616)49,30.31.(111-61661166616,910,12,14.
finit 666.- -11616) 57, 17· (1111661661. 16666 (111661 domini139, 12
(i-nqqqrsqls 71fl23 (1669113161) 82, 13t; maqqre2qn alqa 16 88,1, 16 6666166111
ae rneer
-eertamenl 33119, (eertus- -in· manifest are 6,3· 71, 11, 988.
certus) 93, 23, (61666- 61111) manufactus 52, 6ln's 73,:4 79,11.
103,11. 6166664614 83, 19, qen. ,11. manum
16116611611614;2319;58,,8 62,5, 22,7
65,.9 67,18, 71, 15, 85, 15. maranatha 244, maranata 56, 27.
16116116 213 29,,1 123, 12. 1661660, 21
61611666 19,.4
= masculofeminas 11666 2815.
11 appr. 61Μ,11166616161161 6666661. 1666611166 28, 1613.
XVIII sq XXXVIIII. 166666 48, 20.
magicus 241 6166611665,15.27,95,;5 104, 25.
61681641,19,53,1, os. ,11661661166161533
1116816666 44, 11, 130,7. 166616 6616616 editi 17, 20, - 19, 2,
magisterium 32 3 444, 93 2
magnifica ducere 37 5, 11611166 doctum mat urus 8812.
016615510166116661301
,,61686166665,9,48,,9 53,Ι 24, 104, 16. 1661116166 Oros. 152, 20, 157, 8.

 

