uerborum et locutionum. 221Ὶ

111112,4;20,21131,11;73,241111111. uene 54, 19.

tunice talaris 25, 171 29, 4. ueneficium (ced. beneficia) 96, 251

turbe 40, 16. 11110111 111 beneficia 1111. 21, 3.

turbare 40, 3. uenenum 97,14.

turbines 88,11. 1 uenerabilis 5,101 31, 281 34,17; 37,

turgescere 110,12. 231 3851 42151 Oros. 157, 9.

turinum aeramentum 25, 20. uenerabilitas 39, 21.

turpitudines 17,171 19, 91 2214. 1111111111 14191 17,5.16; 18, 1 111.

1111 97,12. ueneratio 39,16; 52, 18.

typus (11 tipus 1111.) 29, 1; - 86, 131 ueuie 6, 141 36, 31 88, 19.

153, 11. 111111 saepissime, uelut 6, 21 3410,4
121 36131 40, 15; 41, 10. 171

U pro B cf. ’1111111112 60, 10; 71, 15; 78, 211 81, 61 87, 51

uacuus 104, 19. 91, 111 102, 161 103, 1011- in 111-

1111111 60, 31 77,15. uem 7, 20131, 21 60, 41 72, 21

uagus 79, 22. 102, 7111111111111111. em iu 111111.

111111 45, 20; 49, 81 93, 24. ·‘ 281311111111117,18121,22131,51

uaniloquium 124,11. 55, 61 62, 18.

uaniloquus 132, 9. uenter 11414.

ueritas 8, 2. uentus 54, 171 65, 5.

11111111 modorum, cf. 111111. uenumdatus 80, 21 uenundetus 19, 22.
- 11111111111111. 11111111110,7.

111-111 1313333131333 33313 ‘8711712599910175 ee,

uas electum 87, 7. 31, 71 33, 111 40, 41 49, 271 50, 141

ubi 45,111 48161 49, 281 65, 231 53, 5. 261 56, 91 63, 6 11’1; 65,7;
73, 241 77, 221 90,18; 93, 16; 100, 66,6; 67,22; 74, 121 82, 41 92, 31
18; 101, 81 104, 19 ; 106, 4. 98, 11 99, 7. 221 102, 2.

ubique 104, 25, uere 5212. 13.

111-311111 (36, 411 38, 51 39, 61 uergere 105, 2.

58, 16111 -· quamuis, 1111 noct 11111118,4133,9134,5139, 171 60, 21

11382411183151 = 116131 64, 20; 69, 41 87, 141 100,·61

14, 161 18, 171 22, 5 15; 23, 61 101, 15.

30, 17111- 1111111111. saepissime, uero == 11111136, 13140151 49, 191

uelut 1511111 23101 24,11 99‚8; quusi 1111 7,8.”

31, 221 - 1 11 uelwuel 35, 11111111111111111111118,16.7

12. 131 35, 171 ef. (36, 411 46, 24. 11111111 110,4.11.

26; 66,201(111111111ω111ω111 uerum = 1111 35, 5.

6513111111111111111ω 111ω 11111 10, 281 35, 111 48, 18; 40, 11
. uon 50, 3). 75, 13; 88, 71 ueri fides 33, 121

111111 86, 15. 34, 161 50, 141 1111111122, 121

1101111111111, uelut 1. 111. 1. inf. 45, 2. 231 9315.

6,10.141 9, 161 38, 171 52, 12; uesper 65, 9; 67, 15.

57, 16; 66, 51 70, 1817315111- uestigium 44, 14.

1. inf. 5, 81 6,131 11, 261 18, 281 11111111111 62,14.

21, 141 2317124171 31, 141 38, uetus test. 71,141 72,’7. 121 73, 111

14111 11111. 110, 141 112, 7 111 98, 201 abl. uetere 72, 91 ueteri

1. 1111. eolo 3, 121 38, eal„ uellit 13811 153, 2.

111 11111 39, 21 99,3; uellitis 85, 7. uetustae 79, 12.

uelocius 119, 81 112, 9. uexere 6, 20; 33, 11.

11111 8, 2. 91 17, 161 35, 20; 40, 15; uie 19, 141 20171 64,20166,16183,
48, 81 54, 18; 57,12171,14172, 121 14. 221 92, 161 102, 171 103, 12.
73, 15; 77, 1. 111 79, 241 80, 8; 1111 111111111111 58, 21 - 65, 6. 12,
81, 91 9241 95211 99,18; 109, 101 uicinus 80, 13.

101, 31 102, 4. ,15. uietorie Ι79,,26.

 

