’ 174 Index

Π.’1111.,.111161111111111, 111,111111111111111,14

0225!oeoe *
Ξ.

Philam.. 1111 1 incipit 11111111 1
- 1 1
- 4 17
- (5) 23

1
- 1
10
ll
12
13
14
15
16
17
18
19
20
21
22

1,
1,
1,
2,
2,
2
ἓ, 1111111111. Η1111.,.111111111111111,-
2,
2,
3
3,
3,
3,
4,
23 4,
4,
4,
4
1,
1,
1,
1,
1,
2,
2,
2,
2,
2,
3,
3,
3,
3,

ἓεοὲἔὲζωηω

.—a.—o·—n

QQQQffl Qoe—‘Qmeboeeo—fls

ΙΙΙΙΙΙΙΙΙΙΙΙΙ

10
11
12
13
14
15
16
(17)
18
13
20

(ἐξ)

(23)
111
11

24
25
- 126)
Τ11., sect. 1 1111111111

:—-
*Ὦ

ΙΙΙΙΙΙ

μα-
’Q

10
11
12
-- 13
(14)

111. 11111 1111111111 11 111111. ’

Codicis 1711111. orthoyrapiiam, 11 qm 111. praefationis 1111111 111111, ·
¹ etiam 1111 putumque 1111111.

· 1111111135 11111111 18,29132,25144,131 55,41
4111111 1111111111εό126. 12212 ’
1111111.11;11.11.Ηι·11111111.111111111111111116.

118 811. 0111111111 Aegyptus 27, 1414111111
11111111866188,18·11Ρ111,1111. (5511111111113)63,2172,22178,
1115111119 17, 191 32, 221 4527155, 4: 1111111 11111411111211111111011ξ 9

111111223111222 11312 111131221111111
1111111 81111111111321.11111111,Ι1111111, Syria

 

