216 Index

reus 35, 16, 39,34, 40, 15010, 43, 19, 101014,11;5,5,34,18,5618, 6618,
43, 31 531. 71, 15, 763, 74, 13, 83, 13, 85, 3.
101011 10 omne quod uidetur 365, saluteris 87, 8, 58, 31. ’
-103,13. 000010 33, 11, 3616.
1111010 stultitias saeculares 14,11. sanctificare 1617, 100, 30, 101, 33.
11001060100001103130, 01001533. sanctificatio 161.

¹ ritus 14, 17. sanctitas Oros. 1505, 157,Ῑο

111031,4,63,17,9630,101059310001011131336, 161, 30, 19,
331333133113131 3131333333133313
. 10001014 11 10111,- 11010011100141ἶ
101010015615. 1000111147, 11. 34, 51, 14, 77, 7. 14,
rota geniturae 36, 81. 79, 18 34, 81, 6.
rudimenta prima 00000100 fidei 13, 14. sap 1000 6616.
rudis 456, 87, 18. sapientia 469· 17, 30, 163, 54, 33,
10010 10 01010 414 756, 761016611
1633613166 1066 6366366800, 10.
101100 461. 0010000 1315, 99, 5, 131, 30.
1011010 59,18.19.

1001010010(11001),0001000οι1 satietas 11, 15.

(HI). satis 53, 5, 71, 18.
1000011100) mundo 663 0011111011 4, 5, 33, 7.
sabbatum 65, 33, 663. 00101010 34, 14.
saeculus 17, 4 5001001 34, 10.
1100010101 (=¹epe's 000100),,36 13, 30, 0000000 ludibria 45, 14.

14,,5 33.7; 39 38 4636010, 0000100101046,18.
..131313313343333 3333313 33 3 3 ⁴⁴ ⁴⁹
000010011011139,14,40,34,43,33.36. 10010010 44 4 ef. 001001
0001010060 87,16. 1010060 8614, 8313, 105, 4.

00010, 01010 14,17. 10111001 41, 6, 63, 6, 77,11.
0001010001οω 8, 7, 71, 13, 118, 3, 00110 1000100000,007017,11.17,8, 13,

131,,1138,.3 936, 000001061314, 1613,
33331333· 3313333131333333
100110ςί0017,35,33,334,30,18,53,7, quoniam7‚l;7 867, «001001

5433, 5617. 0001010011οω 55, 13.
,0004011400610011 1001006011οῃ3 33,1,0 34,,8 363,
saeeularial4,.9l8¹;‚;,;8818851 37,37

571073118699333951800110010 00001001,,,,,1100071173843133
00006106664,ο3665,83313,13,,33 167, 636341031605334 5606060666οέ

333,36,,3 41,17,,156.,15 (0070000101001)13670010,00701

53,19,61,1,63,14,64,33,6517. 613, 611, 6336615, 1333,

38, 68, 71,30 , , 13,,3414,.330·,-101101010177001’0,

77,4.135,7 11001110,4,,.,,.,,,1135345113519
81, 4 83 -· cf. 0001011060, 1000101000

61 scribsit, 1000110100, 1110000110,

109 1000110110.
mmmm& ,1,6101100110,1ε7100143,10,-00110-
9614, 97,9, ,88; 10111, 147,17.
1036.18.00110101οΆ70010007015,614,,8
10100110 61, 13. 15, 5, 33, 11, -1011010101170010,

0010000161633,5,49,4,33.3,-154,5.Ι 100707 7, 10, 67. 13, 18, 3.

9,
9.
91
,99
10

 

