206 Index

modus 57,14.18170271902511111111149,21,66,15,101,6.

10091104,.4 11111162, 181 65, 25, 74, 131 77, 251
111111111ο 107. 88,5 101,2511111111111 11111149,
111111111111146,19. 41101,1611111111111111159,25.
11111161921611111111111 (suein additur 11111111)26,
1110111111111111131111111 opus moliens 221602170, 14179, 5175,151

95,1511104,2. 77, 24178,3,13182,17183,191
mollire 1111111111111110010. 80191 97, 24
111111111(1111111111111111)77,1.1111111111111111111,1171118,9,12,211
momentum: post momentum 54,20.18,181 27, 28· 2921 4561 52,8.
111ο1111151,13164,21.1οω603712475,511001918
monile 19415. 221101,261164,2210111153,12.
monstrare 2014128121 49, 7. 9, naturalis 905.

62, 101 70, 171 75, 211 86,]41111111111111154,13.

90, 31 101, 28. naufragio uelut 11111 11111111111157, 12
111ο111111111111, 17. 1111111131 11161 29, 10 ·
1111111111111111115291113592941,6.18149,2.12149,
111ο1154, 20. 22171, 21111111111111161111111) 7. 15156,7158,12177,5184,71 101,

70161 74,14111111111111111160,.7 12110019111111111617 11.-1111.
1111114,1015,241[15,13]1607174,261 1111(1’1 1111111117. 11 ante 1111111111

83, 101 99, 12. 111111111111111111, uelut 23, 281
1111111111,111,15,24. 40, 23148, 14. 15. 181508, 562,
111111014014157,9161,11162,121 1111111111 18,22142,18 40251-

71, 201 92, 51 97, 28. 75, 121 79, 161 11111616 56, 151
111ο112221115,131135,26139,11142,13. nee 11111111 41, 121151, 111 nee*v
nee42, 181 721, 102, 511111 nee
1111611139 12201 1111--1111111111111
7,112 35 1911 ·nee= 111, ended
61,171111τ11111112,1615,11696,

11111111,11176,12192,61113,9.
mouere elqm 34, 9.

mug1 ’1,111 111 Oros. 154, 18.
mulglt 111111 ex multiferi'ae 11112811.

multiformis 58, 111 103,3; 116, 10.
multimodus 23‚;5 601· 128, 16.
multiplex 9016.

multiuolus 24, 8.

multus: multi 111111 4024.
111111111811.

mundare domum 80, 8.

13164,15185,61111ω1κ111·ν
111181, 71 111ω1111ω111183, 16,

exnequeeerr. 56,61- -1111111129,
13.141111’1111111113018111191,191
59260798171810467811

necessario 46, 301 51,151 59, 181 73,

1117626 sss, 82,91,,8429;

mundialis 14,913014176,12183,14. 93, 151 100, 11 neccessario 58, 9.

mundus saepissime, uelut: 16, 131 111111161185,51701192,1511111-
45, 61 40241 58, 151 6311. 18271 censarius 70, 5.
65, 18. 261 ω81,31.92,10198,41 neeesse est 1. ceni. 64, 191 76, 131

102, 9. 81 Oros. 156, 8.

> e. aec. 1111111172, 41 Oros. l5l,ll.

munus 48, 8· 9291100171111111 necessitas 34,7195,191 110,9,1111-

1111111116111176,21 119212.

1111111149,6161,10.

muscipula 48,11 73,18 ef. 1111111111,1111111(1οι1.111ς111)51,10

1111 1111111218
111111111011181,3.
mutus 1055.

nefarius 24, 7, semp. 1111111 nefarius
111112εᾶ29, 241 27, 111 30, 161 98, 81

myrit is lepis 24, 231 ef. 1111111. 1111. 4012

Les. ΠΙ, 327.

111311122151 2017 90, 161 54, 51

mys er1um8 281 52, 101 56, 231 559 non negare 31, 19· 51,
71, 13, 78. 17, 79, 18, 8124, ef. 151 53, 111 66, 7, 98241 105, 6.

ministerium.

neglegens Ores. 154 9
nmffifflwwffimfflwfflm

Ν111121734194121437481498 35,16.17111·.18199,20141,11
5215 5612 77, 17, 80121 99, 221 42, 201 4341 nemo 111111111135,

 

