uerbosum 44 locutionum. 223

3.4,90,19,93,33,95,13,(1813, intellegere (73, 4) 4444, -eumu-
39,,,,,,,,833,17731Ἰο41795 14444104-111444-444
24;96,20;99,17;199‚13;)0f. 14344 4144141145,
uoluptas. 6721- 33, Ἰ5,3.4,- -4.4“44. 35,
4414444τί44 tempus 85,13. 33-33,3, 41, 34-43,1, 93,
44144444 6313, cs. 44144444,44741 37, non 44441144 4443441 41,11,
33,1.7 51‚22;,utn0n=m2918;43‚
uotum 4414441144-4, 51117444. ,70 341, 44444
uox 5714 94,13,,,’933 9710 κ444831334444144444
98,3,134,4.4441434441.44
urgere 51414, 4444444843 4414445331014, 73,4.7.,11 98, 30,
44444 ad 43, 36,48,4,74, 15,Ἰ9, 13, 113, 33.
9717 103,13,119,13, 133,,3 414444 77 13 84,3,5 97 31 98,3.7
153, 31. 34. 33,- -444441435,13, 44101, 13, 35, 38, 07, 37, 13514,
111, 5, 153, 3, - 44444 nuno 04441537.
15519, 44 44444 153, 33. 44114 57, 5, 9315.
1114Ψὲ 15414484. 12 ; 41, 44, 104, 44, 1413411411 utrum an 44 4.
44444 31,1. 44144 fabulae 89, 5
445447444,13,74,,1483,,1587,,3
88, 18, 90, 13, = modo 47 37, zabolus 4404144, 4404114444 wid. 314·
103, 3 41 14144 (cf. 414444 344 m 4443. rer.)
ut= 3444,14414414,447414,5.10, zelus 43 33
5,,13,3.,107,3,8,1;510,3,υ- 414441446,,38 4444144337, 47,.1
4441 spes (103, 8), iubere (78, 17), zona 35, 17. ·

 

