666-
666
1666666
66666
166666666

tubvaed

1 ex m 1) 19, 9, 76, 12
u add. 1) 83, 21

ῐι add. 1) 7614, 91,4

υὼυ666666,
mmssffl
666666669

6 0¹ Α 1) 61, 1, [74, 24]
3) 74,18
uexb 1) 2I,8; 466
3) 73, 9. 21, 96, 25
υ exe 1) 24,11, 81,15

XXIII

2).81, 14; (78, 8, ubi mallem
non mutassem)

uox! 1) 27,11, 61,16
2) 266

υ exo 1) 91, 5
υ, add. 1) 78, 21, ef. 164,18
116 del. 1) 32, 9, 94,13(1)
2) 15, 18 (uid. corrigenda
p. 224), 67, 21
υτ add. 1) 6,8
2) 95, 2; 16212

6666664

x ex S, 1) 164, 13, cf. 12, 16
Xext 1) 83,12. ’

Υθι 1 1) 12, 16 (7), 261, 965 (ubi
666166 leg. ‘syneg.')

Aliae ,librarii correcturae recurrent his loeis:

8, 4. 12
4, 25
5, 16. 26
6, 222
618
9, 3.17
161621
11,7
12,7.1615.16
13,1.4. 16
14, 18. 21
162
19, 2. 8. 25 41,11
261621 maore
21, 6. 12 4616
22,1.11.13 5623

23, 22

24, 17. 27

25, 16

26, 11

28, 17. 25

29, 8. 9. 15

31, 29
32, 9. 14. 22
34, 7
35, 27
38, 5

3651461615

616
6666
66
6616
66
66
66
666
68
69
666
66
6666
6666
666
6666

66
66
666
64
64
66
66
66
6166
68
66
166
166
661
166
166

Quibusdam loeis librarius inehoauIt potius quam reete per-
fecit correcturum, uelut 611, 614, 611, 60, 53 6 1; 61,
68, 9, 76, 20, 73, 9. 21, (74, 24), 91, 5.

NonnuIIIs loeis, ubi false 666611 librarius, priorem lectio-

nemetim, uelut

4, 1413 (66666119 9,17
5, 10 (ω rum)

23, 23 2611

,66666 66 66

Δ

 

