196 Indox ὅ

15515528, 3, 155155 pascha 81, 2, nom. fidis (o 555 156155 oorr.)
faotus ipso quod psalmus ost 97,2; 34, 3, 42, 1415, 45, 11, 49, 3,
1556 sabbatum (1515151688, faotus 51, 20 , 55, 24, 100, 6, fidam dare
pro nobis omnia 71, 3, 15511 5551 5. dot. 31, 12, fidem habero 5. yon.
55151 uel 515518, 9. 11, 155155 551 50, 11, fidos 551133, 12, 34, 16 ,
1555155515151551555120,10,15515 , fidei 551115539,17,51.5(1, cathol,
f 0,551 1111 ί,115555165535118555 20, 12. fid oconugogsulsss
51555 551551 , . 515 ,
1551115 43, 8, 47. 21, 52, 6. 7, 53, 5, fiducialiter 16, 25.
, 71,24,90, 17:98, 1, 100, 11 bia. flori 14, 14, 22, 15, 73, 23, 78, 13,
facinus 101, 11. 84, 7 al.
faotum 23, 22, 31,10, 35, 9, 47, 17, figi in 5155551 76, 2, of. 6155.
49, 26, 63 6, 97, 26, 1046, 105,4. figmentum 15,10, 20, 6, 105, 20.
factura 18, 20, 63, 20, 64, 13, 6516, figura 8, 18, 86, 13, 138, 251.
77, 12. {iim etym: iudicium 1565515195.
15551155 36, 2. ’5 101, 8.
1555551 12,14, 84, 15.16bia; 90, 6115551555ὼεί55, qoaainy. 51 nora.
1101512. ’ plur. fili: 13, 18, 19, 19, 23, 8,
155151 64, 8. ,24,13, 32, 22, 37, 21, 39,15, 49,
15115515, 55 110, 5. 3. 7, 50,14.17, 85, 4, 86, 6, 87, 2,
fallere 84, 4. 6, 10217. 88, 5, 103, 11. 14, aad filii 15, 25,
1515515 42, 9, 51, 26, 56, 8. 17, 23, 32, 8, 81, 13. 14, 101, 13.
falsiloquium sermonum 34,18. (139,18: 142,11.)
15151155 56, 9. fingere 16, 7, 21, 14, 31, 22, 50, 9,
15155 odo. 40, 28. 655155 21, 16.
falsos 2212, 93,15. finire in 5151114712, mundus finitur
familiae deorum incertorum 76, 18. 81, 3, <tinit= explicit, ad 56, 27,
1515615111551511151555551511515 57, 10. 61, 16, 68, 9, 81, 16, 85, 16).
familiariter ui-sibilinm consuetudine 6515 32, 16, 57,12. 18, 6212, 64, 13,
admonente 69, 13 et 94, 23. , 71, 23, 77, 6, 95, 25, regni 551
fantasma mendum 15, 9. 655 88,8; 655 etiam 57,12; 146,4,
15561115555110,7. fini 93,18.
fecundare 67, 22, 8514. firmare = 5161511555 Oros. 153, 8.
1555561155 subolis 101,14. firmamentum 26, 21, 53, 13, 67, 21.
151 22, 5. 9. 615115 pro 6151115 11, 5, (aad ef. ad
felicitas 146, 15. 119,15).
felicium adolatio 95,2,151151515551- fissura, 55 227.
suasio 95,5, ruina foliolum 95, 7, fixo in lubricis grossa 57,13; 655 15
1511515155151 5151198, 2, lego felix lubricum gressu 95, 25.
ad 56, 27. flagrantis animi studium 93, 1.
1515155 28, 16. 6515 26, 9, 81, 8.
vfora 12,14, 18, 29,· 27, 28. fluctus: acceptor. flnotuus 51, 8,, aed
15115155 ab alqa 15 68, 9. os. 1155155 64, 8. ’
formentum 81, 3. fons 1115516155 55155155 5, 10, fidos
ferox cf. 1551511. 555 15515 1111551615 rigata 31, 30,
1555215515, 1. baptismati· 555 61, 9, 15561155
15115 15561555155138,12,15115 555155· 1555 63, 17, diuinorum sermonum
655151, 27, 15115 = tolerare 38, 19. 155155 85, 10.
15565515 ada, Oros. 151,11. 15115, 5151555. a ot 51151151.
6151155551 48, 8. 151155 saepissime, uelut 6,1,,8, 3,
fidelis 49, 29, 58, 17, 85, 3, 103, 2. 18, 4, 19, 1, 151155 5555511 (15,
6655 saepissimo: 5555. fides 3, 3. 10, 12), 44, 5: 73, 14, 7410, 151155
4, 10, 14, 14, 15, 26, 31,9, 36, 6, raooepti 55, 24: 62, 3, 16511555
39, 15, 56, 16, 72, 10, 7519, 99, 1511555 14, 5, 5416577913.
12,61155 55 fidis 5515.34,3,-1151111511515111650555153113.

 

