330 Iudex

(iadieium)iu²lqd45,12; 55,22· tini217,7,413mn6uot,ortkp .137.
-77777377763,,1 mundanum, 22 finiere 17, 4. 11.
777777771713,18,18,35,1,64,4.,7777777737,6,31,,28 8310412 8341
13, 83, 15, 871, 36, 12, 9322, 924, 931113, 111,9.
3314,114,15;115,237’7,120,17,·771777777177 a· 771177. een. 933.
01oe. 154,,3 cinq. tenebra 67, 17.·telerautia 5322
777707ω7744,18,23,777777777777.77717777777777777777736,3
ο3247113318 85, 10161 {ffitffiffiffiffi
1 45,18, 4716, 777 57,12,92,10.16.
1,,23, 62,4,63, tutum 7717731377 totum 0777
,73, 5, 8212, 15319.
6, 15317. tutus 6, 2,35,1, 83 15. 23, 41, 9,
71, 322, 734, 932, 97,2, tuta
mentiri 41, 2, teta 3777777747 sunt
50,3; unus pm 77777 531, unus
in 77777 71, 24, 75, 9, omnium
7777777 iu 777777 77, 20, omnis serib-
.;31 54,19, tura home 7777777 777 93, 5.
,3 12, 70, 777777774315.
;3..58.;10 7773777777 subscriptionum 5327,
74,3, 75 15. 17, 73, 22, 88, 25, 38,3;81,13,85,16,91,11;10218.
3421, 3817 21 7777777777777. tradere 35,12,36,14,41,13,42,17,
633, 324, terraenae 79 21. 4313, 436.
terrere 34, 5 traduee natura 65, 24.
37737777 principatibus 65,14,7,’. trahere 47, 26
337717οῃ3ίὲῗ3418. 13, 834 ffngeudlrlrzieoe& 48 7171, 16.
7777774314 transducere 16, 25.
testamentum 52, 3. 7 14.15.18,71, transfretraret, 45,8, 7222.
14, 72, 6. 9. 11. 12, 15. 21, 7311. transfigurare 77 131, 20.
23, 83, 3, 9318, 102, 10. transfusus 69, 4.

7777777710, 22, 4, 45,,5 47,4, 49, transire: transiet 24 23.

24; 501, 93’‚6. transitus, us 54, 17, 77, 22.

testatio de 7771777777 professione 40, 6 translatio 45, 4

testificatio 79, 24. transmittere 41, 9.

testimonium 6, 5 25, 7, 2, 2318, 77777710777711,5.
26, 7.,26 27, 12· 83, 9, 38, 11, trepidatio 74, 26.
42, 17, 4’3, 11, 44, 3. 13, 45, 19, 7777 6, 6, 7, 45, 21, 78, 19, 129,12.
46, 5. 6. 14, 47, 23. 25, 481018, tribuere 12, 5, 27, 17, 62, 6, 63, 27,
50, 3, 51, 14, 17, 52, 3, 53, 7. 11, 76,3;-t1·ibutapeeeuminum96,25.
5413, 635, 331, 63, 4, 80, 21. tribulare 86, 3, 146, 19.
24, 85,,4 37, 27· 101,11,105,6, tribulatiuformidinum 95,1,-97, 20.
12912-erittest1muuiom 8717 triformis 70319, 76,,4 7812.

7777741123 f417563)43 40,12,45,21, 7777177738 71777777 1147777777 37, 28.
6016 70 16 83, 10, (7 damete 777777777775, 10, 31, 80

texere fabulam (eod. tegens) 40, 29. triturare 13, 13.

text 777100 ,laudan 7777777777 tuslll ,14) triuiales 777 45, 18.

thema prepositum92,4. triumphare e. 777 16, 26, triumiare

thensaurus 17, 46, 116,22; 123,15. 95,13; 101,.3

timere ll, 2; 27, 28, 85, 8, 40, 28, triumphus 35, 20, 101, 5, triumfus
60, 21, 74, 15, e. 7777174611. 71,.8

timer 43 6, 51, 20, 61, 11; 77777777 tum 88,,6 832 ef. tune.
formidinum 96, 23. tumultus 45, 10.

 

