194 Index

01110010 11, 13, 33, 5, 45, 35, 50,15. 0111111313, 43,,8 46, 35, 3513,
editio 00001559. tertio 1000 positum, 38, 8, 5,
011100(0000(111000000.)4,,9 1330, 1538, 394, 6018, 64,,6 84,1.
0101410216, 4, 49, 8, 63, 6, 69, 5· 1111011 13. quod.
Ι 963, edoctus 8, 13, 63, 13 955 00100000οε papa 84, 3, -40,1,41,
00000110 881. Ι3. 35, 43, 1, 139, 1.
000001085,18,104,18. 00101010 (nunquam 00101010) 85, 33,
1111111011 001 5.1⁵5.⁹1³s?²i111⁸,⁵2.⁴5.⁵³ 455 ὅδ’
1111111191111.1’ἰ1 555¹tffi5555m 105, 3.
{greg} 10008Γο 00110513 12. 0101ἓιᾶοἰ11ιι eremo 61, 9, 0110101110)
ΘΙ1110111110215’20 ”emp ¹⁰ (Μ ΘΓ81411, 11,οη 51, 113 '53⁰ ’02811244
elaborare 8, 15, 1833, 3033, 85, 4, erraticus, 0050110110101 corr. 83, 19· ,(01
0100111024133, ·,.943 0110111118 5555555 1411181121, 553
111 5 11 1, 111 1 11101. 11. 1·
810,104,111. 01050100114,18,66,,0 853, 8818,
01000001100111000110 0034101οι00· 50Ἢοᾳὲιέ eg? ⁰555 0000..)
{5555 5555555555591 5555> 4‚' 1οἷ ιε’, 01, 44’, ιζ 101,
5175555558251715010m. 01011111115814ἳ1014
elem'entaxius 0000 1534 eruginare 1313.
(11111ῐὲ1111,Ι 39, 14, 48, 15 18, 180, ffiopeque’ 1811
8,31· 33,,9 in 5010000533, 13· nium 13, 13, 1011011111οηί0 80, 13,
36, 11, 1010150100001143, 19, 99, 0-011ε -0010 53, 35.
ξ1360, ῘΗο110010103001011143,8, (o 0010 esurire 66,13
010 93 W85M5er5m5tw 181111 55 556, 3, ⁰th 555555, 8138116ιω 158m5⁸w44re55
67 8 30, 3. 1401, 01. aeneum, 48, 36, 53, 31. 3311 ·01-ε 0110ιο
01000 ιο 4813. 0101110001010010101 816, 84 16
ὼἩωπΠ mstmfflwwa
0100016,10.13,30,,3 93,.3 0100111143
eloquium 49, 33, 51, 13. 15· 60, 30, 0000οΜ50100, 001016, 14. 35, 3,4,
88,18,94, 31,-1100015115. 9,38,11,36,39,19,011ιιιιι nunc
8111118410-ιοιο 01101101ῗο0οΜ 0. 0001. (9, 38), 14,3·
555558555388' 12 ‹2555035515352555551515057107517525

010011101011100468 exordio: 8, 31-1- 3, 3000101110),
emissus 10518. 34, 3 1-1-34, 811001), 533, 63, 4,
emundatio 39,13. (01. 11001 86, 4), 01001. 8, 13, ·84. 3,
00011010 93, 8. 85, 834· 53, 13, 538, 59,8, (60,
enim saepissim, 00101 4, 8. 11. 14, 133 00010101),111,11,63,4,33,3,

5, 6, 6, 13. 19, 8, 5, 9,·19,000 33,4, 0. 0000. 83, 103, 14, prae·

 

