uerbosum et locutionum. 207

21: 41, 4: 42, 19, nemo e nostris 666661666ω66661166ι24,4,401661,

31616, of. nullus. non 61 ν sed quie 77, 19, 78, 4, ·
6667661661, nid. tae 66666661 16641611. et 66620, 1719, 47, 17, 64, 24,
,1761166 ,pete-328. · 72, 14: 78, 27, 79,25, 90, 15.
8888968188, 27,13, 56,11, 96, 12. 88818688886888ἕ eqo 3, 6. 10, 4,
24,151,14. 5al.;nostn,orum=nos85,11;-
nescire 7,4: 8,8, 16, 28, 35, 20, 51, ef. sutem.
10, 54, 24, 63,21,’64, 12: 99, 21. 661616 tronto 8, 23.
6666669915. ‘. Ι 6661666412,7,2,20,6,24,17,40,2,
ηοι’1111311133 1111111111 ...1161116111111113 ¹⁰⁴·⁵·
666166,66,693,19,,6166166666 nouus 28, 22, 26, 8, 58, 8, 71, 15,
95, 7, diuiso temporum 64,14,,61- 72, 7. 10. 13. 24, 73, 23, 79, 7,
milia: 2620, 46, 29, 57,12, 58, 97, 24, 98, 20, ex nouo 44, 8, -
21,,59, 2, 88, 11, 91, 8, 95, 25, nouissimus 35, 6, 50, 16. 20. ,24,
105, 2361, sescenties 66666661 51, 1, 131, 4, 146, 18,,6661661666
,60616666666116661161666661161- Oros. 156, 8.
molae.- id quod, esquse, hoo 6666, nox· 78, 23, 80, 11,
hneo quoe, illud quod, inter 666, nonus 42, 22, 43, 12.
. 16 hoo, (16 quo, inquo, inquibus, nubor'e, nubi 81, 1415.
omne qnod, quoe omnio: 66161616, nubes testimoniorum 49,19, -— 64, 6,
qui: - in nullo = 66116· re 75, 82,16.
8166886888888188888880886Τ688 8888811068888858-46666 3, 3, 4, 4,
,68888188 88881, 46 66, 8181187188 34¹1, 88884818
47, 16,. 51, 9, 53, 414, 68, 19, 437,69,10,95,24,104,5,112,8,
68,9, 73,12, 75, 8, 76, 14, 91, 5, 1161661166 15,7(61. solus); nullum
95, 4, 102, 6, 103, 20, ex nihilo eb his 47,l4; nullus nostrum 99,4;
104, 22, (16 nihilo 0661561317, 16 66116 = 66716 re 75, 16.
. - 6114412, 48, 23, 81, 4, 104, 16. numerabile soeculum 77, 19.
moi 14, 3, 32, 1, 39, 28, 45, 1:46, numerus 51,23, 5822, 55,8.13, 64,
29, 51, 10, 52, 16, 53, 7, 60, 17, 14, 73, 21, 76, 16, 77, 1923, 78,8,
97, 13, 100, 4. 16, 102, 5, 157, 79, 5, 81,7. 11, nummorus 60, 19.
10,6161(,66(195,6,102,6,105, numquid 45,13, 55,18. ¹
17, nisi nt 75,11, 102, 8. 66666 66616116, 6166616 qnod 46, 28,
6111 92,16. 61666ν666161692, 12-14, ef. 51,
nocentes 35,14. 1011, (54,10), 104, 21, Oros.
nooinus 77, 4, 14616. 157, 7, 61166166.
66116 16, 11, 48, 11, 100, 14. 6666 49, 19. 28, nunt 7116810· 11,
nomen e, uelut 15, 12, 26, 23, sentes 74,14-20.
27,16. , 28, 4. 5. 13, 301219, nuncupere 54, 24, 66, ,6, 71, 18, 81,
32, 2, 66, 14. 20, - nomen deus 12: 101,18: 110,18,115,3, 118,5,
26, 3, (sed n. blasphemiae 8, 26, 124, 3, 138, 8.
6016611661 39, 8), sub nomine nuncupatio 18, 4.
33,13 et 43, 12: supro omnem nuntius 31,19.
nomen 30, 3. nutrimentum 44, 5.
6661661166, 6. dies mono, nomen nutrire 34, 12, 63, 4, inlecebra nutrit
(1666, inter 66, prosolonom. 16 rentum 88, 23. ..
e. ose. 6671666666, eonfe-
ras; - 6666611661. (ue 6166616ω ob 58, 1: 142,19.
6616616666.) 16, l. 13, 38,19; 66666166161666667166,4,17,58,2, ·
59, 21. 22, 61, 5, 110, 18, 118, 12, 67,9; 80,3, 85,5, 90, 7,(6666116 ·
15618(61666.6(174,1),-186,21.Ι citationem oboedire 54, 46.

 

