6021, 65, 2, 67,12; 881, 87, .
861]’ ¹
2) 3, 12, 6,19; 1819, 14,14,
286130,11,41,23,45,14;48,15,
49, 1157, 11. 13, 7820, 75, 13.
19,95,5,96,14,99,18,100,23
aut addam 1) 1, 11111, 11

mmvwfflnmaam
11161116
ω181185111
wmmvffiwduda

cfflmvddda

2) 3216, 55, 26, 916
cfflwdfflmmwffldm
ce 1114111111) ’88, 23

offlmvffimaaa
affimw-amw

6111111111 1) 10, 6, 53, 3, 83, 25,
[551 22]
61111) 65, 4, 97,18
amm
&mmmmmda

δε doletur 1) 687

ε1111111111· 1) 20, 23, 48, 18, 72,25,
889, [78 23]
2) 101, 25

ε (1111111111) (38, 5), 54,1
ammam
Cex Α 1) 24, 3, [70, 117]
2) 21, 21, 5819
εει ΑΕ 1) 4,9,28 11, 686, 684,
70, 203 83, 10, 95, 24, 97, 183
6188886
2) 54,15;59, 2056823, 7820

ι ex 1 (aum librarius in tarta semper
unciali quaa dicitur forma· utatur
ε, in hia dometuria saepissima
capitalia torma 1 apparat ita, ut
ad 1 ianuas lineolae appiotaa 11111)
1)4, 5, 7,8,23,3,28, 21, 285,
3214, 343, 47, 4, 48, 18, 57,

XXI

dmdadaawa'
mmmmaamnu

8811, 843, 85,4. 7,88,18, ’

90, 6, 92, 3. 17, 93, 19, 94, 10.
23, 95, 7.· 12, 96, 11. 25, 98, 17,
100, 9. 10, 108, 8, [4, 19, 24,17,
70, 8, 93, 20]

2)4, 18, 14, 14, 15, 20, 18
30, 31 611, 23, 3, 33, 12, 42, 14.

15111, 45, 11. 22 (1), 49, 3, 51, .

20, 55, 24, 57, 14, 64, 8, 75, 15.

18, 79, 2, 81, 16, 83, 21, 85, 3,

88, 7, 94, 22, 100, 6, 10811
eaxo 1) 58 7, 71,7, 85,8, 8821

flexu 1) 2411, 7820, (8416)
ek additur 1) (60, 5), 983 ·
εκ deletur 1) 286

est additur 1) 30, 4, 64,18,79,2,
ε11811111111 1) 5812

εωωωυῃωωηωῶ,

71,19, 788, 74, 9, 90,12, 98, v

23, 14.Ἰ 104, 8
2) 44, 2, 60, 5, 65, 27

αωωηηω1812
aaa

ΕῙ 01 1171) 8, 16, 84, 16
oefflmvwa

b additur 1) 7824, af. 985
Ι) dolatur 1) 2819

Ι additur 1) 813, 19,18, (23, 24),
32, 15, (55, 23), 58, 4, 62, 13,
67, 1. 13, 71, 4, 72, 7, 74, 25,
(715), 8316· 233 88, 2

2) 42, 22, 60, 8

1 dal. 1) 7, 2, 15, 12, 21, 101 26, 25,
36, 23,54,1, 56,7,57,11,58 4,
6214171,8;77,101(80,12);83,11
8817, 91, tibia. 5, 95, 4,96,25

lex Α 1)66,15;16,9;11,21;95,4;

99, 20
2) 51, 25

 

