6511561516 6115551155516 ] ] 217

serutari: 66151516 47, 25, 51, 13. 7661 psalmi) 661 5556156656,-
651515161 45, 24, 75,10. alsiloquium sermonum 3419
5561616 154, 6. 5616156511 26, 15
6651515164,4,54,,3 86, 12, 87,14. 661511655 2417.
66515539, 4 7 10, 41, 3, 48, 17, 56, serpens 8,1,10,18, 18,8,38,25,84 2.
14, 131, 20. 5615516 51, 22, 577 62, 11, 64, 17,
65615114,4,23,7,65,26,93,23. 76,3.
'sectator Oros 155,9¹ 56151151912, 48, 21· 57,16,8216.
5665665166,11, 8,7,15,,4 20,12.4,Ι 551511568815, 10417.
22,1,02419]217, 30,1,3 32,,4 56155639,9,56,,2585,.3 ’
36, 9. 10, 39, 14429516-6· 655 3012515.35,,6 95,2.
5566616 quod 15, 24, 17, 18· 24, 6515516 diuersitas 7334.
20· 4216,- 5551166516 55166 75 2 51 saepissime, 66161 5161511 6, -15,
sed, opp. 32, 4, 60, 13, (117, 2). 11,116· 1413 18, 19 28 ΕΙ,115161
56656655 67, 20, 883, 89,4. 44, 10, -1116, comi. 7, 4, 2215,
6565155133 414. 40,,5 andeciesp 661161753- 8651
566 saepissime, 66161 ἒ, 18, 11, 3· 6611616166.616661,6182,1761
14, 13, 26, 121316 15281, sod 09, 22, 51 551516 30, 16, 516 5615
5123,22,33,,4 55, 10, 96, 23, 556 40. 15, 61 nisi.
511516 245, 61. 196‚7;·- 5151·ν 516 saepissime, 66161 11, 15, 15, 22,
65620,26,(87,7,.3,140,13,- 311034104027 Μ1038
sed 165315 4l,l9. 1044· 515 61 50, 12· 55, 10, 84,
556515 39,24, 7416 1251, 61 6165556661556,
sodis apostolicas gloria 3411. siccus 61, 5.
seductio 19, 3. sioq 56 54, 23 (7) 655, 79,,6 91110,
563151317151779,5287,Ῑξ5ἵ,11001,71315.(70021117Θ 16914273· sod 5155655211,
44141666166’11,1;-45,’15;11515.6166] 4160 16615 116 seriptum, sed 51·
seminator 1548 56659 5113, 13,5,1,4 6,,5 8,9.
,1,,·, ss ,61666116
i·-
senior 3411,42]’24. 16666611616161661651561151516
65661561515115100,19. 551, 66161 10,4, 11, 35, 12, 23,
sensibilitas 104, 23. 13, 24.
656556 saepissime, 66161310, 9,27, signare 79, 25, 80, 23.
11,1, 22, 11. 19· 291· 10117, 5136515 1113156515 5551516 819.
10'6‚1, 1551161156 57,10, 587· 6” 13651515 48, 23.
5566151266 sonsus= separabilitas 6136111651 1,6916 7.
4215. si um (= 17165161
56616611530,11,41, 23,42,14,45, 6“5515,1,24,20,
12, 47,2, 51,27, 57, 14, 76, 27, 611511166161. 1,62728
1044 (515, 326, 9,
65611169,,28 18282814 42219 632 25, 11. 16. 20, 6
65551515143219,111,1.
sspmomm=saep 1621120 5161111151 613 933.
6651516 8, 25, 18,7; 25, 22, 81, 2. similitudo 7, 3· 15,,7 18,19; 65, 23,
6551116555 perficis 681. 66,,1 8320.
6665561161 111, 66165151 7616, 87,19, 9318.
655517, 26· 23, 17,34 8,35, 5,36, 8,Ὶ simp 1161151 39,17.
4515, 47, 27, 4816. 21, 8316, (simultates 45 12)
98,17,100,19.51115516581,4.
65165566,1561515,6616112,,5 21,21,1156712223,81,,4139,5,152,11166.
22,,1129,1.,5 31,.,911 60, 61636116,10,23,9;18,28133,21
20, 104, 19, 1051, 106,2,166,>6 384, 46,8, 4820, 65, 9, 725,
66611165151511655 issi psalmidicus 10413, 61. 116 61 quisque.

105 iili·

,’1,sso; sss,
s;m,m;m,m
551 s;1, 15), 51,

 

