uerborum 5515555155515. 213

pronuntiare 46, 22, 92, 3. pugnare 35, 27, 95,1, 96, 17.
prooemium 109,1, ,151153 26,16.
prope: fere 40, 21. ,51351565555555115555515555515553,5.
propheta 55. profeta puluereus 69, 22.
propiatns 15115151 transit tus 77, 213 55. punire 101, 11.
15555551555555. 542. punitio 055315612,
propinquare 104, 10 purgare7,;9 39, 28, 42, 10,- Oros.
proponere 20, 8, 36, 7, 49, 15, 53,18; 1559
62, 10, 64,12, 92, 4. puritas 87,19.
propostam 55 51 t,e35 17, 55 Phoedr put aro 23, 1, 24, 11; 28,15; 338·
11115, 55555555155555531555 55 40, 18, 44, 13: 542, 63 21, 72,,8
uitas 5555551. 75, 13· 100, 22.
proprius 13, 20, 6514, 97, 16. putrescere 17, 10.
propter 46, 28, 49, 5, 56, 11, 70, 2,
Oros 157,9; propter· 55554215, 055515555315153,51·5155810,55551·5-
58, 24, 63, 18, 64. 20, 71, t73 geunnnns 6019
105, 16· ,,(55 12· 801, 90. 6), propt er quadragenta 60,11.
15 5555259. 55551·1,151·51555365,6,
prop 5155 15, 11, 46, 28. 5555151539, 23, 76, 26.
,1555515353137,16,55. 1155535151555551515 21, 8· 47, 13, 49, 29, 51, 14.
et 1151512518, 53, 4, 56, 9, 59, 5, 69,12,
propugnaculum 110,5. 70,,7 72, 12, 75, 3. 5613, 83, 21,
prosthesis: 553551555551524,24, ex· so‚1'9; 94, 22, 101,16, 1025·
35555555151599,1,8 515. 5585115155, queritur 14, 14· 41, 23
1151555555.1558515555555551877) quaestio, 555. questio 48, 15, 7519.
5.,63 8555555555. Galles· Haud· quaestor 41, 15.
35551555555551595, 323, 11555315, 555113 24, 18, 97, 23
1555115515 ,5.467, Η555153, quaest. qualiter 49,3; 45, 10, 46, 6, 50, 8,
de 555. rod. 11515513(1885),ι. 39. 52, 25, 55, 25, 66,1;4 1007, 55,
,155553555151051 quomodo
prouehi 97, 6. 55551 355 1331555 post comparatius 55
prouentus: 5555553 54,18. 5535Η511533Η515115 3155, 55155511,
pron1dentia seeree 1555Ι 515513 87, 16 7, 16, 18 5 3·4, 4 9 36 3 41, 17,
prouidere 40, 3, 87,15, 94,10. 45 8 ·49, 15; 52, 10, 53 3 51555555,
proutl 1,09 7,128,17 ,115515115555155555555115511555515
proximus 80,14, 104,10. 535 7,11.
prudentium 1115515553 28, 9. 55551515 c. 5551. 99, 21.
prudent 15 123,1. 5551551311, 7, 4, 8, 17, 25, 27, 9, 383,
535115151553 sermo 858 97,,3 1005. 4519, 5311, 57,15,71,12, 76,
psalmus 26, 9, (81, 16), 82, 5. 10, 11, 8214, 94,20, 9523, 99, 2,
(85‚16);86‚'4, 87,17; 88,18; 93, 103,11; 104,1· ,55515513ω1551551
2Ξ,195,,13,97,2.58,100, 1. 8. 52, 13,(5535515555551515 5555-
pseudoapostoli 131, 19. 5551Ξ1117η 461, 102,.5
pseudoepiscopi 40, 30, 41, 1. 55555 551 40, 4· 87,11; 15 55555515
53555551515555513, 11; 96,14, 131, 20. 75, 17,
publicum iudicium 41, 12, ρι111155555317,;8 74, 15
5553111110 5111518 5· 99, 17. (11111151111135955515 4511255 3218 22613071, 17;
pudieus 21, 7. 72, 26, 73, 6, 74, 11, 76, 21 , 78,
pudor 69, 1, 24· 55. 315555.
puer Oros. 151, 9. quemadmodum 539.
pugna 5126; 57,,4 84, 25, 92, 17, quen 7415, 5555117420.
99, 21, 1269. 5513 5315555515551555 55551115,

pugnantiauisce1¹um98,1.K is, e,omn1s, 5555515.,555555151

 

