Priscillianoae.

10111111.ἓὲ111111111 ¹¹1¹ 11. cor.. 1111 1111111111,

·’“ 53 91 5

-· 54 117

- 55 1112
- 1113
- 1119
1124
10, 1

11, 1· ,

10‚15·.> 1

10 2211111111ὴί1

1032 1

11, 1 1

11, 3 ¹--

' 11, 7

(11,.11111 1111 1-

-<,1111111 1111 ¹--

69 ,1111111111113 28 ¹

10
11
11
11
11
11
11
, 11
18
19
11
11

11, 31
'¹ 11, 33
’1. 12, 1
”“ 12, 5
12. 31 Ι .
13, 0 4, 7111111111
1312 - 4‚13
14, l ,
14,29
14,34 11011
14,37
15, 1
15, 9
1312 -
1319
15120
1321
1322 ita
1324
1328 ut
1311
15, 8210111111.
1334
1336
1346
1350
15352

15, 56
16, l
16, 8
16, 10
16, 13
16, 1311111111.
16, 17
16, 1811111111.

31311111111111
316 uos
⁷ 1

1} ideo
11
19’
l

1n hanc
2 11111101.

1
13
2

ΙΙΙΙΙὶὶῑΙΙΙΙΙ

7,
7,
7,
8,
8,
8,
8,
9,
9,
0,

10' 8
131611οηί11
11, 2despondi
11, 4
11, 7
11111
11,21 inquo
12, 1
12, 7

 

