184 Index

aestimare 29, 2: 63, 26, 78, 7. nnus aduersus alt terum pra 1110 23,
1111111110111111111 54,1. 12(= Ι. Cor. 4,;-6) er alia parte
1111118310. Α’111111199111111111οΡ131
aeternale captiuum 25, 10. 0101. 155, 56.
aeternitas 60, 7, 74, 26. 1111 dei 120, 7.
aeternus 42, 25, 62, 12, 63, 12, 7517, 111110,’ 11 17 ,7; 11111111111,’“ n 52. 5, 135,
78, 22 21, 1111111458.
1111111188,11.11111111196,4
(111... 11. 1111...1 altercatio 37,19
agere 28, 5, 41, 6, 45, 13, 55, 21, 111111, pl. 4, 6, 46,7,111111ω111111
61,3,67’,19,81,,3 87,2;9320 66, 8.,9 66, 14.1’,5 11111111.
95, 20, 103,.8 111111111955511, 76,12.
091....1’11111 ..... 1111111355 46, 16, 63, 11.
18111111 0101.151,14.’11111111145’,9

’ 1,,1111067 19, 871213 9712 994, ambitio 61, 11, 94, 17, 969.

100,17; 1053. ambulare 18, 18, 64, 23, 66, 16, 73,
13101011111,11103,7. 22,79,25;87,2,105,23,142,11,
1110101114, 14, 66, 20· 70, 6, ·,75 21· 11111111 19, 25.
= 82,]8,(111111111111111)95,’15,96,111111116215.

27, 99, 23, 100, 318, 105, 19:-— amicus, 1. qen. 57, 6 (corr 111 5654)
11’1111;11011’.1011·.10,6, 11111111.99,’14,11101.’94.14((71,104,10.
77, 20 1111111139ηὸ 101,10.

“ agnus 7117, 791624. arnor 36149515.

5555 5 ·,1111.’·1.·, 5 2⁶
13. 17. 19, 97, ’2,1 038. ampliare 232
alibi saepissime ’(111111111111111110110 amplius 35 2
1114 521. 24, 323, 11, 11411444,,2095,4,011111
5. 18, 11, 21, 14, 3, 1522, 19,17,’ 110101111111111110, 57,-4 2· 6 .16.;eqq
255, 26, 18, 27, 14. 20 22 24 ω 6,.;llsqq 28,8sq.; 30, llsqq.; 41.
8491720, 8510. 11, 55 22sqq 68,9eqq.; 75‚;3 79,
alienatus a 1110 95, 5. 1,·’11,11.11011111111111’0110.
:alienigenae 93, 19: 101, 7. 1111110111 exempla.- 6, 14, 8, 4, 15,
. 11111111531619323,99,22,101,26, 24, 11 sqq: 24, 1’8- 25, 4,
912,102.11,1.1101.97,16,16 2524 sq 26, 11 sqq 27, 26 sq
999. 29,16—39,;4 35, 16 sqq 39, 22,
1111111111 tum 44 4.. 42,15.1911.,51,16.20, 5416251
111111116025726,46.3,0101.152,7· 553· 60,18, 61,2.,7 66,155qq.;
156,19 11.,- 010115211.
1111111111ε11111101,0101.151,10 1111111116, 19, 17, 29, 22,1.4. 13,
aliquis 34, 9: 45, 18; 47,18; 6515, 23, 4, 24, 4· 3’0, 2’0.21, 42, 6,
95, 19, 11 11111111 existere 92, 6, 521· 5526, anathima14 14,
1111111111,1111106111111111111131, 22, anethema 7, 23. 20, 1111111111
111111111104 21, 21.
11111011113514. 1111111111 11,22.
1111,11928, ]2,7, 2814. angelus 351219, 31,7.8. 121415
aliunde 71, ’22, 111. 19, 75, 7: 81, 12: 104,11,
alius: :ae-·utr alinea 16, 18, 5, 223, 010115316.
29, 12; 51, 9, 58’,121’11.,1111’117,12, angularis 24, 12, 66, 8.
31, 11, 42, 18, 4815, 58,12.- angustiae 587, 94, 24.
1111011111174,10,-1111111 ω 111111119015.
1111119819, 1111111ν11111114815, 1111111136, 2, 54, 16, 70, 12.18,71,
7410, ’751,95,18,1111110111111’ 21, 72,1’3, 74,,9 764· 78,’ 11,
w 1111 35, 3’.,4 79,19; alii, alii, 87, ’,15 ’1,’.,04918 ·1111111111111105, 11.
1111 63. 111225, 1111111111192,8, 111116111111 051.

 

