222 Iudex

uictrix 1111114169522. 73,7.163 77,,8 81,4, 8314, 84,

uideus= 66066 5025, 51,7. 22, 9520, 456'6463 9313102,

670666304012, 441015, 54,10,13, uitiorum 06116 9311 9022,
63,,9 8425, 9316, 9516, 76 morum uitia 12, 23, morus (M
66666666 50, ,27666 ιιι 666666 50, mors) uitiorum 1513.

11), omno quo 6666663666- 670616610,22,11,2.

06766265 64,12, 666666 uidentur uiuere 14,83 15, 26· 19,2, 28, 26,
78,,5 6079,20(6170,3.1,4) uideri 35, 26, 39, 17, 41, 21,71, 21,78,
311471249215223 87 25 8168269310

17, 104,] 67666 6, 21, 34, 20, 104, 18.

uiduam 4313. uix 52, 21.

6761176680, 10 61166 2323, 91,,5 1046.

6766666 49,l7. 19, 607, 61, 10, 65, 61076 4512.

27, 7724 731316182192, 61066 534 74, 16, 97,,5 147, 7,
814992310124261029 cfiAr65„f.lut.Leu.I6',377.
- 676οι6 26,24,60.13, 6667660 ululare 17, 9.

66661325, [666666 (716 66 6666 umquam 56, 2.

67666066 omnis homo 67660667 unde 39, 22076, 56, 20, 87, 15, 93, 2,
7616610667) 78, 5, 666 ιιι 667066 101, 16.

humo uincitur 78,11 66,] unguentum 6661667607 24, 2.

67666166 2422, 44,14. 667666676 2412, 27,.3

67666061οη20 51,14, 101,,11 14619 666666 57 13, 92’,8= 94,--13 104, 3.·

uiuea66, 18. 6676 0066. 154, 19.

676666 233 unitus 7,16, 1330, 3417, 102,

uir= mantua 196 20,14.,20 28, 21, 17 3766 opus 103 19, 66 6660606
religiosus 409, spectabilis 41, 2. ex 76 uirtutem 6666. 59 ’

676666 8511 uniuersus 65,,8 71, 23, 73, 16, 759,

uirginaliu 53, 25· 73, 13, 77, 13. 96, 22, 101, 22.

676676706674,25,101, 16. 6676666673 77, 6, 105,1

uirgo 27, 24, 36, 17. 18, 59, 24, 74, 6666 6666766766, 66760 3, 10, 5, 6,
22.23,101,25, 154,15. 7,..,6910 6666667666 (7666, 66767

66066592716449467657 1717751034173510
67,183 69, 4, 94, 22, 10316, 36,]4,37,23,49,3.10, 0311,
104, 12. 66, 2161· 66606 66166 667 6614,

6760607116οἰ6 104, 12. 667 roi 45, 20 (6166661166, 66166),

67666833. 6666 ω 61066 51, 866. 6666 ω

676 28, 26. 61766 9319, 6666ω 066ω61766

676666654,21,98,5,123,16. 23, 12,- 11666 0666 m uuum 6660

6676766777, 77 133 66, 33 66, 123 941 77 67 7 6 uuum sunt 6, 6 cf.

67670717066103,7. , 66666676666 19, 21, 66, 0, 97,6, 111,

61676 9,15,50,13. 4. 15, 112, 6, 122, 18, 145, 9,

67666 66616676] 1019, 104, 24. 60 6666666161.

670633, 4,1,.,,25324719,,,1526 6666668741573178251006
1329, 3312, 34,11,’,’...354613 6666066410, 6676 66660 perso
182127, 3315, 40,,2 4310, 666666666661666696666
44,11, 4, 24, 54,21, 55, 23, 666706666661αυτοιότρῦνιιςΜ 13
534, 631 1,65, 12· 758, 832. 6666076 (1706666636, 1260 103, 12,
1016, 8512, 68, 9. 21,90, 19, 661607176310, 105.

’ 91, 9, 921016, 9311, 955, 6616666 7019, 666667. uolucrum
96,9,99,7,101,,5 1021510415 323 76 26

6706669, 16, 1003. uoluntarium opus 78 10, 0666666166-

67116(666666);670766 66 uitem 6666. 06676 67, 14, 6666666066 125, 18.
7122,- 66,19. uoluntas 248, 4315, 54, 27, 55,

66666666 3014 6632 66,( 143! 66, 641666'26, 701889,

 

