708 11601

0661101οε -06101010 104, 35 0111100101159,34,7517103,,310517
0610010 6,19, 35, 18, 39, 36, 41, 11, omnipotentio 105, 6.

4331. ο11111100001031010,0111100106 uiuimus
0610110 71, 3, 77, 9, 75, 15. Ξ01101·301’104,,3 58 3 (3010111

0610010110 90, 17, 94,,8 99,16. ν qnod uiuimus 78, 74), 01110 qnod
oblogotiones inpotentium oommeroio· 011001 364, 38, 35, 44,5, 47, 13,
11115910 (00000111110599) 53, 16, 6313, 6313, 70,9, 737,
061000741618333578 78338011(835)97,1
(ooobloorr) 8314, Oros. 153, 93, 18, 94, 11, 100, 71, omnio
183- oble gnre78, 6. 31 quoe: 16. 12;52,29; 531, 5319)

‘ 0611011111 9318. (65,3),65,18; 73,,6 79 30 3314,

06101111 15,7. — 0130 (11000) omnio9, 15, 10 6

,06006110 ,0631611013,19,33,10,39,;8 (46, 33), 80,35,

obponere ,37 88, 31, -11 omnibus= 1001-1,
0601311111 333 35, 11,66, 7.71,104,,,58 13110·
06100010 84 5 60111 01111611 60611110611100110
061066111100 78, 9 desiderat 1111113111 5313.
0610111119 opero. 3018, 37), 739.

obsequium 40,13, 0001161111 7334.
0610113111ιο06111116111131. 0001011317, 17,l7;71,9; 7314,
061011010419, 5316, 7319, 784. 77,,4 78, 30, 84, 35, 85, 4, 103,
06001111 58,.7 1,3 104, 6. 16,)10. 061, 061 8479.
obsidere 1333, 11,14. 100. ooo. 15,35, 1316.
061101600110,0010111313700001311076,13,103,7,104,11.

, obtrectari ,1,001 35, 13. 00010101 76, 14.

061001311οΡ35 36, 10, 41, 7. 001110 93,7, 94, 10· 936, 931.
obtunsio 171, 14. 00011014,8,17, 18, 343, 46, 3 38,
obumbraree 000. 36, 33. 61, 14, 70,8, (767), 87,.3
0000110110 00100111 59,.4 001366115313.
0000110 46, 7, rp89, 1, 95, 5, Oros. 155, 001310 35, 8, 41,14, 60, 9, 79, 70.
10, 00001110 101, 9. 0011, 0111 saepissimo, 113701 14, 18, 73,
00016010 fecero 47,1. 13, 336, 2717 38,1,3 36,,8 49,3, '
¹ 0001601071,17,73,14, 77,7.8. 67,5, 0011101611 13,,5 138, 2616 “
000111147,17.15.33,77,14,79,15,63,6,1001011ι110001·3 63,,7 opus
’ 88, 19. 13601118014,11116100116536,
’ 0001110 1111011111 105, 3, 001 00011113 76,10; 76, 1, 77, 34, 7376, 100-
(erat 001110) 84, 4. 0111 0011 99,,6 10310, 61101011-
00010310 77,9. 131160011103,14,104,14,111-
ooourrere 57,13. tellegont 110 0011 95, 15, 1013, -
001111111 001111 0110 4, 3, 11 001101 0011 0. obl 38, 36[,9].
101110 87, 4, oculorum 11111101, 9. 01310 79, 70.
06161111 7, 75. oratio 0611000100010101060406.
061110 41, 7. 01611 22, 30, 39, 33, 78, 7,
061111 835. 0161111110 45,;-3 Oros. 157,11.
06013111,11104,34,· 016041, 30, ’252 33, 65, Ι,10 86,,5 87,
offendiouium 11130 3, 3. 17;'100.15.
offenso 0103. 153, 19, 155, 16, origo 71, 71, 103, 16.
011011106315. 01111337, 10311.

’ 0110110 (oblatus) 72, 36, 73, 13 74, 0116000000, 0101001, oa neom.
’ ’ 77,15, 80,11. Arois. f. 101.300.0.770071)110

officina 83, 36. . ΙΙΙ, 311-314,

officinm 95, 18. . 01111, 11 103, ll.

oloohaustnm 03010011110011. 7334. 01, 0111 7317, 37, 70, 47,30, 93, 19.

omittere 43, 6, 101 omittere 41,16, ostendero 100 ’ ’10, 0010131, 15,
4336, 5330. Ι 1319, 3,6.13, 31,14,37,3,

 

